5.887390360554429353e-02
8.418333386060888879e-02
6.731923384567137236e-02
6.935765865359981575e-02
5.732992776070033186e-02
4.067636962569629033e-02
6.286996455147506047e-02
8.275824495283541637e-02
8.410279049146385244e-02
9.436947095006292807e-02
9.957775574928733053e-02
7.087252337622081122e-02
8.104438788672636840e-02
1.118019124055457669e-01
7.437319699134364859e-02
3.538006461116529472e-02
4.041700332441313520e-02
5.743098181483615589e-02
5.891077282054169029e-02
4.531732121976958516e-02
5.787695631064850021e-02
5.429266246454402672e-02
5.861098689607361495e-02
6.437454006868775780e-02
3.986937095823542970e-02
4.803272160805482222e-02
4.580324872356694027e-02
3.126556043649627442e-02
4.315676049236451955e-02
7.709271191123946709e-02
4.913704633933799887e-02
6.407744637024624657e-02
3.942159193623223645e-02
4.955632535051456011e-02
4.496019645793401798e-02
5.129972319654990676e-02
6.518139282825352598e-02
6.102089940725745343e-02
5.773093991803684294e-02
5.710301961194615833e-02
6.254740869599499653e-02
6.534490302766796099e-02
4.515226174932727293e-02
7.063328535871922498e-02
7.675363311017595336e-02
3.531187844540164406e-02
4.905159984584380600e-02
4.447283177605874938e-02
4.309692211751170454e-02
5.092415512311820880e-02
3.249704020365388329e-02
3.740122761310959304e-02
2.953091087264555353e-02
6.420041266677917191e-02
6.615230682277953300e-02
4.600128805944455473e-02
5.258911293327442338e-02
5.335886143612848104e-02
4.566697259600669551e-02
4.315895686353696942e-02
3.900620611295046308e-02
6.751372796150532929e-02
5.106438162807055980e-02
4.648719800461081908e-02
4.255931153681784262e-02
5.039642468828484101e-02
7.250992897262037440e-02
5.166726772670394985e-02
6.825034148488966224e-02
5.763165502436954496e-02
5.121262196178485299e-02
5.859546802784839498e-02
5.049948458324140382e-02
4.765362074286257771e-02
4.104091722754910077e-02
5.465938448771100883e-02
4.251766454457014260e-02
4.472568687437271373e-02
5.081499755431435894e-02
5.579573327083486856e-02
4.329500034033120781e-02
2.429559078753682627e-02
5.392422755854181515e-02
4.517082883418288564e-02
6.314284707050035750e-02
5.034121950265220413e-02
2.845586266866982281e-02
5.090050892199023819e-02
6.791632054022846143e-02
4.515533006500395408e-02
6.275736181566962668e-02
4.109381323311263323e-02
5.308997120421293792e-02
5.154166880666394279e-02
4.462957722677390188e-02
3.462667121452105840e-02
4.733361025288627261e-02
5.298197325550673548e-02
3.044636039071562175e-02
4.259941620615063235e-02
3.846029120454272365e-02
4.623636188039684930e-02
2.368984417015225497e-02
5.147535987818942921e-02
4.049240367712888394e-02
5.369630262201451759e-02
4.541422998606217676e-02
4.584357151153896359e-02
3.284847336139155166e-02
4.023834081970750071e-02
4.885726817674718170e-02
7.800230900198214246e-02
6.412537433178928936e-02
3.649727881833252086e-02
5.812444188889114710e-02
5.719869928052857128e-02
4.160706442169805064e-02
4.797489941485196668e-02
5.391474175914381245e-02
4.114021192073046007e-02
4.554956580143949829e-02
5.374684743340947535e-02
6.920757152090747932e-02
5.203087932698637758e-02
4.176721983414546924e-02
3.248820727204509984e-02
5.237107287232174724e-02
4.858012567813680543e-02
4.382518287296111731e-02
4.220055446966518298e-02
3.978197370129798321e-02
5.303722523219899648e-02
6.058907436959275888e-02
5.289728595336779665e-02
4.237114774462605316e-02
6.102152297492239447e-02
6.288106206207993987e-02
6.200038893671514645e-02
3.236964487666606216e-02
5.040039853099022304e-02
4.243598623206769338e-02
4.239624451113509912e-02
3.014619400308844038e-02
5.216529092111711619e-02
3.359734374116969680e-02
3.136242630907487561e-02
3.382683267280636730e-02
6.720556227794982629e-02
4.254038987210105593e-02
5.272709944334229987e-02
4.274529436678945610e-02
5.220366392615208989e-02
4.160499103491034634e-02
6.178217098198903606e-02
5.686742482492777861e-02
5.999191973984500936e-02
3.515819750882407529e-02
6.390134376938425009e-02
4.019719119494264553e-02
7.713050709569616026e-02
4.789109723213622744e-02
4.186483175857449307e-02
5.096424398044716725e-02
6.668871714708990428e-02
7.192634621816246243e-02
4.501680864684753230e-02
5.502089381142293012e-02
5.469530599532716753e-02
5.336584657775808593e-02
4.997799711065764594e-02
4.647459315902448262e-02
4.156817138326869554e-02
9.050800718423657187e-02
4.783984777145445372e-02
6.336836132422016266e-02
3.904690572797860082e-02
5.787389176142909014e-02
4.104915560859928592e-02
4.636449574566902515e-02
8.857913759968755185e-02
5.756667811560867154e-02
5.348889367360133706e-02
4.761210792819602772e-02
7.244336122466758787e-02
6.354175103184263318e-02
6.146181012492587387e-02
4.740398122333490394e-02
5.752107472447069020e-02
4.628947891330754266e-02
6.447071621319172552e-02
5.011782288073633740e-02
4.642382134957705186e-02
4.231186602356264842e-02
3.979679116111047021e-02
5.226784697203846336e-02
5.188038869937516839e-02
3.228355865824026477e-02
3.532238550141080652e-02
4.906906628367085910e-02
3.532511089190357167e-02
4.116296588514114368e-02
2.819839586710757434e-02
3.263036207920180093e-02
3.313843300171642053e-02
3.072493187563013484e-02
3.067497329422482974e-02
2.746688983524051345e-02
6.310557076162512380e-02
3.727890406727594336e-02
5.319021661019475433e-02
8.253133444197147117e-02
5.198740723470770403e-02
3.752565677386984072e-02
5.461227313796378213e-02
6.566198824108678000e-02
8.824942734322499538e-02
3.426242140928283803e-02
6.188584866110689864e-02
5.221395616847476773e-02
3.635879009297100090e-02
2.560049966044304279e-02
4.168968705470924713e-02
4.614312832917562279e-02
5.084960820413370747e-02
4.387223313650139012e-02
5.438101099444701131e-02
2.451008234542356029e-02
3.976679250228689483e-02
4.635786355159831479e-02
4.457064892342140622e-02
3.833666298349033830e-02
5.414841305758372192e-02
7.047220523899293265e-02
7.173468889891937428e-02
4.876527371833198898e-02
6.502759195947047099e-02
5.400525378324137066e-02
8.161438087759109727e-02
4.103476399544264686e-02
7.484448521972555946e-02
7.611199005684132768e-02
7.672023865667293441e-02
6.429445473249317811e-02
6.864639992619980813e-02
3.817639464223920170e-02
8.729181041684523634e-02
7.388323856682024737e-02
4.676800227545179628e-02
8.294589074891826896e-02
4.633414318427220291e-02
5.927664535755813174e-02
5.411274943311059071e-02
4.714487535916714323e-02
6.464574378186879744e-02
3.959556915058547177e-02
4.184872855434438460e-02
5.848629631942349472e-02
5.497475784559305301e-02
8.073764294744137371e-02
8.219787578711074127e-02
7.490115332429640727e-02
8.660536962518632087e-02
9.000143333237205223e-02
9.196093200791995159e-02
6.783105470258600500e-02
9.587547735153395534e-02
7.869236371799073759e-02
9.292050472452526022e-02
8.150352718849268596e-02
6.430344201148043004e-02
8.813142141270012553e-02
5.746840362047730966e-02
7.339713452140977923e-02
3.974835979076610237e-02
4.606674438548433170e-02
3.095478757773922548e-02
4.644529568503278499e-02
3.631688959654227888e-02
6.377163568019124373e-02
9.065996193998575314e-02
8.495862873662525516e-02
9.350928213764174435e-02
3.884997282961225040e-02
4.668437859540074120e-02
4.464021253300307079e-02
5.144254891203031699e-02
5.654548607188093073e-02
4.977595747180604130e-02
5.764916843633838273e-02
5.475698941600623537e-02
4.583442335852084409e-02
1.495655609999224124e-02
3.102323975288941160e-02
5.863769737518079866e-02
5.260496112030727672e-02
5.118452599079400395e-02
4.339883288775011477e-02
3.397851959348169998e-02
4.418213761185720012e-02
8.407272373413374189e-02
4.764806366050133163e-02
4.815862905773858615e-02
3.605554102534285627e-02
4.465023183878902985e-02
6.280543322371882897e-02
6.640759804527907040e-02
1.118047938422618709e-01
5.967516964643145017e-02
8.000240904655310514e-02
5.023954467215468317e-02
4.622995574008703645e-02
3.242681958051263358e-02
5.000945588605967829e-02
4.733577104106246464e-02
7.524841537719086093e-02
4.814892997194928498e-02
5.717988577665270022e-02
