5.801696354143979356e-02
3.002368841978645189e-02
2.490655943861299140e-02
7.909934028390103178e-02
3.887795942144548628e-02
1.922759893640881013e-02
8.638640150834980824e-02
4.379164880790518966e-02
4.433480655624608135e-02
4.167436506548002906e-02
4.946636122756815912e-02
5.630845831845788380e-02
3.442684920291642914e-02
3.949982441523427340e-02
4.612390567753958670e-02
3.023616047297166681e-02
4.496386614128210918e-02
3.492102085902281522e-02
3.936295130275719450e-02
3.505031644247944000e-02
2.515072209131090364e-02
3.528288975484920875e-02
3.554736848301009305e-02
2.911144622413618446e-02
5.001016671367088801e-02
3.394528325406764163e-02
3.954916636049427003e-02
4.779521039846394703e-02
2.971220032110116760e-02
7.784601107168011291e-02
3.304201187679984414e-02
4.551266728182609689e-02
5.933517008797873499e-02
5.392085142600239883e-02
5.457893916950230795e-02
3.426126885565893704e-02
3.407242329308665663e-02
3.236072376065327744e-02
4.833175677070112447e-02
2.848512658939151773e-02
4.185497882350533438e-02
4.077737588730287466e-02
5.146764433820736478e-02
5.779652587702401728e-02
5.639647988727495426e-02
4.953961595388397393e-02
7.050063661079895849e-02
5.816930897867034211e-02
5.712019172938000849e-02
7.400390181857702254e-02
6.586881046817549823e-02
5.283922861014415939e-02
5.148455741905354904e-02
4.720051088856674210e-02
7.476156032595290823e-02
6.069289761030759872e-02
6.597044792052181306e-02
4.732968158705943423e-02
5.278616717489867383e-02
4.874573401083562990e-02
3.815698267458553922e-02
5.368699312702487209e-02
4.265613940133434340e-02
4.096888149510314464e-02
3.464507560221812693e-02
2.594536312924662982e-02
4.065739617698323205e-02
2.882901571862109963e-02
3.513880044464554042e-02
4.167523329205602423e-02
5.532188604510916013e-02
4.070018953582352911e-02
4.291292711651935321e-02
5.496207204225263959e-02
3.324113877987543847e-02
5.131374708119811057e-02
7.933983934746939581e-02
7.672480299310369123e-02
6.194183020696377578e-02
6.366572545499017688e-02
4.206778972953132550e-02
2.218466206937751845e-02
5.180071716141804172e-02
4.504405843941679949e-02
3.897020849462120434e-02
5.063869977699936992e-02
5.059792919111705256e-02
5.141186266393713011e-02
4.427171760798988276e-02
4.328808372317782815e-02
6.386139431041801262e-02
4.835599742072996254e-02
5.563821921134123188e-02
3.807883080275759752e-02
4.867773409147467534e-02
4.565522434501111809e-02
3.550008560677683084e-02
4.605894199791821936e-02
4.225174512836009366e-02
6.309299441988117096e-02
5.511129512276935483e-02
4.446167633048610929e-02
4.335335953929261854e-02
4.966211856432125454e-02
5.141605089314466720e-02
7.202209416066590597e-02
7.344530752891224867e-02
6.189859832382352961e-02
6.359545784604714314e-02
5.098378317131908172e-02
5.338806222715687666e-02
5.616693526060514974e-02
7.156067869345400512e-02
6.041306440864992883e-02
6.155037256928286987e-02
5.446650324479019450e-02
6.302937023557643459e-02
5.242699931351149645e-02
6.081187934924577737e-02
7.429556483614328799e-02
5.114798703342174346e-02
5.104192156497987243e-02
4.965571620397890573e-02
3.698765436945718882e-02
4.300397507117238033e-02
6.719501130283055124e-02
5.980329028767229077e-02
6.202531905056275774e-02
5.213190585868673899e-02
6.190693222913186411e-02
6.185574597974246441e-02
6.383239654128705642e-02
6.220457793052574375e-02
5.131100121252722690e-02
5.416290206565936571e-02
6.714614371871457932e-02
5.272159407808551385e-02
4.798934497274115474e-02
6.883016652826454140e-02
5.022837428418899797e-02
4.310532598707236124e-02
5.837660105915796344e-02
5.473278660486867453e-02
4.512525549094820176e-02
4.808521662827153209e-02
5.551868466868969954e-02
5.226799161707475216e-02
5.310439125148624928e-02
5.229837451364810486e-02
5.412291929638951560e-02
4.890530415330478220e-02
5.228139850154928103e-02
4.039419336912312281e-02
4.846751515729092602e-02
5.813390904963982447e-02
6.512446270844125806e-02
4.878849810822903643e-02
5.267965223508441069e-02
5.709763766643592697e-02
5.211255937022359064e-02
5.779091996460504477e-02
5.405328291736114649e-02
4.360548997589055314e-02
5.569442018137637368e-02
4.561502375781446850e-02
4.917520372484413677e-02
5.543458093180692048e-02
4.732442830255318561e-02
4.935464360338478323e-02
4.012362270490987814e-02
7.903574139265408249e-02
4.218764413976162225e-02
5.543999981206804845e-02
6.502690763681773234e-02
4.678990570476421196e-02
4.313782680578639311e-02
4.884392054356474083e-02
5.367478126893761997e-02
6.230157800962947412e-02
3.454675096805309015e-02
6.053016346008217863e-02
5.431429776761840383e-02
6.427111721233068342e-02
6.383611789751990340e-02
4.852499523026602285e-02
6.317716246625451615e-02
8.024457533890216876e-02
4.908394875075507147e-02
5.531230782576565530e-02
5.060317436417623854e-02
7.074172275716270053e-02
6.819579685796822721e-02
5.277081266022386891e-02
7.011660003892332405e-02
5.896864723448161372e-02
5.533418759967729389e-02
5.443904637373228605e-02
5.206420235475801156e-02
5.091314327784946664e-02
5.489953847077320981e-02
6.227804604104834191e-02
5.982661119773328290e-02
6.512674728129706769e-02
5.657891200148282285e-02
5.842160146296358769e-02
4.812749942978244294e-02
5.549074748036414428e-02
5.476458683977759867e-02
7.283409458860055918e-02
7.104273574327327201e-02
6.023351782643571184e-02
6.349763704598342107e-02
5.905737531349440628e-02
4.911127373220976894e-02
6.454655172940938768e-02
4.389533914478078308e-02
4.608178437595499000e-02
5.110349766342289074e-02
6.411033713198598105e-02
5.641613549273525458e-02
3.940924123405717405e-02
6.996289660422054524e-02
5.565171256471366373e-02
6.342923084907188536e-02
6.093551184814531563e-02
5.708760515637821553e-02
6.542297239799310660e-02
5.484639237095469827e-02
3.975476221425139345e-02
7.431061128179075603e-02
6.185702610281851310e-02
1.145701633018547799e-01
3.946462199011113031e-02
5.863757839921109050e-02
3.994715812190070825e-02
6.233414631109390758e-02
4.124427633053374953e-02
5.181821789071913709e-02
7.272526171368043357e-02
7.808555806275879752e-02
6.507852781260882458e-02
5.667335048692427601e-02
5.126842355062209006e-02
5.401018518474443031e-02
7.461214176906551254e-02
4.738900343014317701e-02
5.140455850054622550e-02
3.086941227542685379e-02
4.399694787004931190e-02
7.237085204685873852e-02
5.742665477095106746e-02
5.355536041124337593e-02
6.424210824684861709e-02
5.360582577625780387e-02
6.144342908078814780e-02
5.033945089490104996e-02
5.204501496370220193e-02
4.529845257111111273e-02
8.515102655763830131e-02
4.566857250131229479e-02
6.567074806634476403e-02
5.117714726223660665e-02
5.176362412245189004e-02
5.179378523963829029e-02
3.288651792079008707e-02
4.195798426745899617e-02
5.990577740045773675e-02
3.972544848165843190e-02
3.432829874439696782e-02
3.968580475946144326e-02
5.034896748649442255e-02
2.476693240601924792e-02
4.352697956372744009e-02
5.344201528057206108e-02
5.334396130116084850e-02
7.600104874019396328e-02
4.447032981972134924e-02
4.582885142110273285e-02
5.956639765213340987e-02
4.667817617463317775e-02
4.083179493954457867e-02
5.527195669552874974e-02
5.828482382691325264e-02
5.079192462968125377e-02
4.955483903895110953e-02
4.329302813838071390e-02
4.677275900827819466e-02
4.551986045932041730e-02
6.458203815440011208e-02
5.132511796352905165e-02
4.193615845168882639e-02
3.945790173989517646e-02
5.246620543455966096e-02
3.151018848822349783e-02
4.670132675789429033e-02
6.049283235393509983e-02
5.072102153730395635e-02
5.076485611115962027e-02
4.401883593363166425e-02
5.226122555030675298e-02
4.818837672902455405e-02
4.966737773027159880e-02
4.939983131283894741e-02
4.413097309839109084e-02
5.047321655683226216e-02
4.505944194129777453e-02
4.384171387119673718e-02
4.652248428664022828e-02
6.198923516714120036e-02
5.418835028425905004e-02
4.993752614821244523e-02
3.365028961054344903e-02
5.498347364137594340e-02
5.150843885611510603e-02
4.304281134751273413e-02
4.558394317760651460e-02
4.959598532667386372e-02
4.827065697476351502e-02
2.643480466041889243e-02
3.440118582514782586e-02
4.911400976695435433e-02
8.278963664133898170e-02
5.409931852815983572e-02
4.144359083972432717e-02
6.993406915800515211e-02
5.526133531829355988e-02
3.198487685175274708e-02
2.880032528325420990e-02
5.441913249060634922e-02
6.670937742096137713e-02
4.262818031319195317e-02
6.827988960868357216e-02
4.477597132434654043e-02
4.478550043284296178e-02
7.263038299360960459e-02
7.934254759567409276e-02
6.959041112255273664e-02
6.512336492392502285e-02
9.198036554628542805e-02
8.559202832306481157e-02
6.823556821797842342e-02
6.942517100076109338e-02
6.127507638906823373e-02
