0.000000000000000000e+00 0.000000000000000000e+00 8.118590826613748118e-03 0.000000000000000000e+00 2.735890604544782140e-02 0.000000000000000000e+00 1.133757296873297640e-02
6.014154981246916555e-05 0.000000000000000000e+00 1.099686582088409701e-03 1.238074390148564095e-03 0.000000000000000000e+00 0.000000000000000000e+00 0.000000000000000000e+00
2.669322381867204105e-03 0.000000000000000000e+00 0.000000000000000000e+00 9.140797430189870690e-03 6.663525124739946848e-02 0.000000000000000000e+00 8.098909842281343252e-03
4.263267855661188660e-04 1.888220076683740437e-03 1.501540446356549804e-03 0.000000000000000000e+00 4.848683315694205659e-02 0.000000000000000000e+00 3.945969809661215022e-02
1.136234857635684954e-05 4.378165166431476941e-03 0.000000000000000000e+00 9.040456625603240101e-04 0.000000000000000000e+00 0.000000000000000000e+00 2.830007711125052776e-03
1.410517781234730357e-03 0.000000000000000000e+00 0.000000000000000000e+00 0.000000000000000000e+00 0.000000000000000000e+00 1.122785554347324743e-02 1.595034583231061051e-03
1.219315491723345357e-02 0.000000000000000000e+00 1.015657399116450497e-02 0.000000000000000000e+00 9.580869132900063942e-05 1.612781660018997032e-02 3.497330484651611782e-02
0.000000000000000000e+00 2.500419869973488033e-03 0.000000000000000000e+00 0.000000000000000000e+00 0.000000000000000000e+00 9.353792751239167758e-03 0.000000000000000000e+00
3.799092288230833305e-03 7.873976615912716207e-03 0.000000000000000000e+00 0.000000000000000000e+00 7.200921992400352752e-03 0.000000000000000000e+00 6.733501493089552592e-02
2.536025640211492932e-02 3.607179581654794409e-02 0.000000000000000000e+00 0.000000000000000000e+00 0.000000000000000000e+00 1.877102416683104538e-03 0.000000000000000000e+00
0.000000000000000000e+00 0.000000000000000000e+00 7.255533252817436551e-01 1.048195957877624263e-01 0.000000000000000000e+00 3.998536514891590926e-02 0.000000000000000000e+00
0.000000000000000000e+00 1.317506055417162585e-02 0.000000000000000000e+00 6.652740430053837029e-03 3.133205703532433717e-02 0.000000000000000000e+00 0.000000000000000000e+00
0.000000000000000000e+00 8.635892225541860192e-04 1.993106271563226302e-04 1.207285828131650710e-03 1.996938828099615107e-03 0.000000000000000000e+00 1.294959327467282324e-02
8.116407558895114395e-04 0.000000000000000000e+00 0.000000000000000000e+00 9.276338002348252093e-04 0.000000000000000000e+00 0.000000000000000000e+00 1.803249264393454654e-03
1.227530670490609762e-03 0.000000000000000000e+00 6.707057113233300116e-03 0.000000000000000000e+00 0.000000000000000000e+00 3.950451201512038268e-02 0.000000000000000000e+00
1.294312021252987588e-03 0.000000000000000000e+00 0.000000000000000000e+00 0.000000000000000000e+00 0.000000000000000000e+00 1.484828705821910830e-02 0.000000000000000000e+00
0.000000000000000000e+00 0.000000000000000000e+00 0.000000000000000000e+00 0.000000000000000000e+00 1.536846241916629482e-02 0.000000000000000000e+00 0.000000000000000000e+00
1.927568321346309860e-04 0.000000000000000000e+00 0.000000000000000000e+00 0.000000000000000000e+00 0.000000000000000000e+00 5.293439882878030710e-03 0.000000000000000000e+00
3.641137174105037806e-05 1.022061487707573218e-03 0.000000000000000000e+00 2.683459669686372780e-03 0.000000000000000000e+00 0.000000000000000000e+00 3.309062712360516696e-03
5.499428386811488004e-03 1.397183145701825190e-02 5.982728064469972420e-03 0.000000000000000000e+00 5.062909662812823536e-02 9.075935426329843859e-04 9.673126594490122701e-03
0.000000000000000000e+00 3.769005340422492247e-04 0.000000000000000000e+00 0.000000000000000000e+00 0.000000000000000000e+00 4.046174271626207242e-02 7.098216240724014147e-04
8.849206204613559634e-05 3.050390887495540429e-04 0.000000000000000000e+00 0.000000000000000000e+00 0.000000000000000000e+00 0.000000000000000000e+00 0.000000000000000000e+00
2.886424350047099661e-03 0.000000000000000000e+00 0.000000000000000000e+00 8.236480971901905326e-03 0.000000000000000000e+00 2.494685610168695476e-03 0.000000000000000000e+00
6.463965328835343188e-04 0.000000000000000000e+00 0.000000000000000000e+00 5.425487413339636494e-03 1.555537632951824699e-02 0.000000000000000000e+00 0.000000000000000000e+00
0.000000000000000000e+00 0.000000000000000000e+00 0.000000000000000000e+00 5.637749063701892561e-04 0.000000000000000000e+00 1.369286886716640159e-02 1.131124752037831332e-02
0.000000000000000000e+00 1.618854639186244598e-03 4.087176733675710986e-03 0.000000000000000000e+00 0.000000000000000000e+00 0.000000000000000000e+00 0.000000000000000000e+00
1.733382966644832560e-02 8.023807224938544341e-03 5.310765049305061179e-03 1.350032889923191530e-02 0.000000000000000000e+00 9.143143694895931872e-03 4.827977242986087464e-02
0.000000000000000000e+00 0.000000000000000000e+00 0.000000000000000000e+00 0.000000000000000000e+00 0.000000000000000000e+00 0.000000000000000000e+00 0.000000000000000000e+00
1.000833823279616318e-04 5.183584998181044526e-04 3.014526288446834246e-04 7.638030161541133848e-04 1.279687337359196146e-02 1.797587606328106963e-02 6.332827565614554399e-03
0.000000000000000000e+00 3.698845423987431186e-03 0.000000000000000000e+00 0.000000000000000000e+00 2.270575766089807240e-02 0.000000000000000000e+00 0.000000000000000000e+00
0.000000000000000000e+00 0.000000000000000000e+00 2.813805076508977057e-02 1.669435692759576846e-03 2.319737270934698128e-02 0.000000000000000000e+00 2.740570534151214044e-02
0.000000000000000000e+00 1.644765809725321631e-02 4.434852006137505846e-03 0.000000000000000000e+00 4.103205612312128825e-02 0.000000000000000000e+00 7.682405704689664917e-03
0.000000000000000000e+00 0.000000000000000000e+00 0.000000000000000000e+00 6.729721803922171249e-06 0.000000000000000000e+00 0.000000000000000000e+00 0.000000000000000000e+00
0.000000000000000000e+00 0.000000000000000000e+00 1.434336713180710482e-03 2.239269538476038393e-03 0.000000000000000000e+00 4.608107643010194571e-02 3.556947391581857798e-02
0.000000000000000000e+00 4.055320350822607246e-04 0.000000000000000000e+00 0.000000000000000000e+00 0.000000000000000000e+00 8.465926269431399420e-03 0.000000000000000000e+00
7.355459517681873941e-05 1.932727630528374273e-03 3.544852102362660694e-03 9.456508324334287480e-03 0.000000000000000000e+00 6.032403620206743151e-03 1.873145558098823424e-02
0.000000000000000000e+00 0.000000000000000000e+00 0.000000000000000000e+00 0.000000000000000000e+00 0.000000000000000000e+00 0.000000000000000000e+00 0.000000000000000000e+00
0.000000000000000000e+00 0.000000000000000000e+00 1.266042247852159144e-02 0.000000000000000000e+00 3.146320366111029360e-02 0.000000000000000000e+00 2.215126526889798705e-02
0.000000000000000000e+00 0.000000000000000000e+00 1.608387997848462550e-02 1.130865077647766684e-02 4.610437138297009130e-02 1.213631122830292550e-02 5.491463569261390877e-03
4.076249400430364753e-03 7.791844047788647198e-03 0.000000000000000000e+00 0.000000000000000000e+00 8.914038267060312229e-03 1.903648892182341346e-02 0.000000000000000000e+00
7.810424733858805377e-04 0.000000000000000000e+00 0.000000000000000000e+00 1.110378353056273859e-03 0.000000000000000000e+00 0.000000000000000000e+00 0.000000000000000000e+00
0.000000000000000000e+00 0.000000000000000000e+00 3.261669891328083937e-02 0.000000000000000000e+00 0.000000000000000000e+00 1.217507739949180018e-02 4.903099305956585413e-02
1.829017610342515083e-03 2.849655639610308277e-03 0.000000000000000000e+00 2.762252274155315617e-04 0.000000000000000000e+00 2.938362329875962922e-02 0.000000000000000000e+00
4.847557868903826228e-03 0.000000000000000000e+00 0.000000000000000000e+00 1.478062366106189934e-02 0.000000000000000000e+00 0.000000000000000000e+00 0.000000000000000000e+00
0.000000000000000000e+00 0.000000000000000000e+00 0.000000000000000000e+00 0.000000000000000000e+00 0.000000000000000000e+00 7.306248244700792871e-02 0.000000000000000000e+00
1.803211730729436255e-03 0.000000000000000000e+00 7.795062593091403418e-03 3.298456918130601885e-03 6.127823074267950421e-02 7.679844091459181281e-03 4.387050394106252818e-03
0.000000000000000000e+00 4.785289999835997711e-03 0.000000000000000000e+00 7.873513321371428120e-03 1.941343190080641740e-02 6.526103625518646367e-02 1.279419400932889708e-03
0.000000000000000000e+00 0.000000000000000000e+00 3.041349794803950568e-03 0.000000000000000000e+00 0.000000000000000000e+00 5.535313684666835071e-02 0.000000000000000000e+00
1.472597320247793010e-02 3.156615483271850431e-02 1.931823508878618284e-02 1.035320727478745428e-01 3.807481397711181409e-02 6.352267889084051156e-02 3.547674088563903400e-02
0.000000000000000000e+00 0.000000000000000000e+00 0.000000000000000000e+00 0.000000000000000000e+00 0.000000000000000000e+00 5.766801921251535346e-02 0.000000000000000000e+00
1.085878488575755391e-02 2.413325059839350681e-02 3.100502512359812335e-02 5.239456784048491904e-03 0.000000000000000000e+00 0.000000000000000000e+00 0.000000000000000000e+00
4.313825504697730955e-03 6.997257964704041260e-03 0.000000000000000000e+00 1.422506487643116976e-02 1.920484842250701901e-02 2.631014197958849582e-02 1.534403433578200304e-01
1.326281216005814438e-02 5.066412668640323663e-02 0.000000000000000000e+00 9.922930993180062442e-02 3.191566973726485401e-02 7.279882474786635894e-03 0.000000000000000000e+00
0.000000000000000000e+00 0.000000000000000000e+00 0.000000000000000000e+00 9.428485349063073923e-03 0.000000000000000000e+00 0.000000000000000000e+00 8.905699242882102185e-02
3.635828303123727202e-04 1.847907168277836305e-03 3.177222382554668878e-03 3.385577415555504361e-03 0.000000000000000000e+00 0.000000000000000000e+00 6.966201321437503341e-03
5.520332423540988062e-03 5.450769624889374027e-03 6.260055026804237262e-03 1.623927196776584272e-02 1.826691454590699537e-02 0.000000000000000000e+00 1.679053746662463598e-02
2.605067078626911812e-04 0.000000000000000000e+00 2.418889504726202261e-03 6.010759962935000034e-03 6.502298585581275416e-03 0.000000000000000000e+00 0.000000000000000000e+00
0.000000000000000000e+00 0.000000000000000000e+00 0.000000000000000000e+00 2.173172361400649115e-03 7.095815205107250390e-02 8.065188194748140749e-02 8.276056591922267835e-02
3.296708584362021202e-03 0.000000000000000000e+00 7.347647721317598218e-03 1.612696496089960005e-02 0.000000000000000000e+00 1.006282309697959371e-01 8.467331278010906126e-02
0.000000000000000000e+00 0.000000000000000000e+00 0.000000000000000000e+00 0.000000000000000000e+00 3.903043915844892076e-02 1.710932515320825326e-02 0.000000000000000000e+00
1.353119141552300460e-02 2.077334326995740332e-02 2.276667962148956614e-02 1.686007163657213433e-03 0.000000000000000000e+00 1.934850634656238785e-02 0.000000000000000000e+00
0.000000000000000000e+00 0.000000000000000000e+00 0.000000000000000000e+00 0.000000000000000000e+00 0.000000000000000000e+00 2.491730744786038731e-02 4.318710712788420211e-03
0.000000000000000000e+00 0.000000000000000000e+00 5.185298121184932392e-03 0.000000000000000000e+00 1.526449781892571522e-01 0.000000000000000000e+00 1.433498269311778888e-03
4.685255113841807332e-04 0.000000000000000000e+00 0.000000000000000000e+00 1.082575586633329964e-02 0.000000000000000000e+00 1.679267427376404317e-02 5.707804043153952983e-03
0.000000000000000000e+00 0.000000000000000000e+00 7.909071930585318162e-04 0.000000000000000000e+00 0.000000000000000000e+00 3.234614286246061121e-02 9.864528025866528549e-03
0.000000000000000000e+00 3.742669589385589686e-05 8.174090543447038739e-05 0.000000000000000000e+00 1.534220416018164945e-01 3.240415841637396543e-02 0.000000000000000000e+00
6.262129263156349102e-03 1.796476866756385390e-02 4.299452121112426993e-03 0.000000000000000000e+00 5.934512184456876283e-02 5.459050754430308169e-03 4.846333136226329413e-02
1.538373219401251712e-01 0.000000000000000000e+00 1.000298851992614119e-02 2.865309956962567781e-02 8.260672207186965654e-02 1.489493555463503212e-02 0.000000000000000000e+00
1.585292883066987193e-02 1.660543261113151328e-02 4.892169722760685707e-02 2.001520180286670003e-02 0.000000000000000000e+00 9.850461340600025206e-03 3.238579045155774022e-02
9.732675947846217189e-04 1.700155003824519329e-03 2.328235604830670036e-03 1.894773480131764411e-03 0.000000000000000000e+00 0.000000000000000000e+00 1.479624268818770325e-03
5.430891687196584333e-04 3.744467935820262449e-03 1.461326001496551135e-03 0.000000000000000000e+00 5.121199124656739682e-02 0.000000000000000000e+00 1.020414753455070600e-02
0.000000000000000000e+00 1.073490735107646699e-01 0.000000000000000000e+00 0.000000000000000000e+00 0.000000000000000000e+00 0.000000000000000000e+00 0.000000000000000000e+00
1.958216621055516513e-02 2.934671508766255321e-02 2.712556129780484618e-02 1.025783823976317288e-02 0.000000000000000000e+00 0.000000000000000000e+00 0.000000000000000000e+00
1.136517953315814566e-02 7.862831476699312649e-03 0.000000000000000000e+00 0.000000000000000000e+00 0.000000000000000000e+00 3.562458071085915223e-02 0.000000000000000000e+00
0.000000000000000000e+00 0.000000000000000000e+00 0.000000000000000000e+00 1.577415001305931905e-03 0.000000000000000000e+00 0.000000000000000000e+00 0.000000000000000000e+00
0.000000000000000000e+00 0.000000000000000000e+00 0.000000000000000000e+00 0.000000000000000000e+00 3.625384691590606556e-02 5.138136289259827294e-02 6.830588159341476062e-03
5.267362785280762551e-03 3.339070431811653333e-02 3.707451420519692481e-02 2.812790809350936699e-02 0.000000000000000000e+00 0.000000000000000000e+00 7.218913341942319491e-03
0.000000000000000000e+00 0.000000000000000000e+00 0.000000000000000000e+00 3.832464560409101079e-02 2.923575795725084914e-02 0.000000000000000000e+00 1.433830297777190232e-01
0.000000000000000000e+00 9.098320993960690162e-01 1.121347185207978020e-01 0.000000000000000000e+00 1.208345307272675438e-02 0.000000000000000000e+00 0.000000000000000000e+00
9.392964969964227029e-01 8.245592640174391474e-02 4.479050974737156660e-02 0.000000000000000000e+00 0.000000000000000000e+00 9.764566963343225200e-03 1.207681743934204723e-02
0.000000000000000000e+00 2.363585469939875720e-03 6.050301663869470797e-03 0.000000000000000000e+00 1.171980268512790857e-01 6.845554883700470878e-04 0.000000000000000000e+00
0.000000000000000000e+00 1.731530969274753563e-03 9.811173977792571159e-04 4.118797470350547786e-04 6.664627929750599478e-01 0.000000000000000000e+00 1.402036963300071042e-02
3.738559456238762374e-02 8.437951707558434544e-02 0.000000000000000000e+00 0.000000000000000000e+00 2.057757164196833549e-02 4.488847916800628446e-02 2.556594650779015279e-02
3.394139916027908918e-03 2.351813413237940735e-03 5.619492915504777260e-03 0.000000000000000000e+00 0.000000000000000000e+00 1.417606619091995278e-02 7.086224516679616968e-03
0.000000000000000000e+00 0.000000000000000000e+00 1.180876367204567075e-02 3.867017968104556527e-03 0.000000000000000000e+00 4.743870902564605030e-02 0.000000000000000000e+00
2.568730656415788450e-03 3.766772426597903532e-03 0.000000000000000000e+00 1.755265026509548023e-03 1.070600131522841600e-02 1.122172809926535314e-01 6.539322386105600460e-02
1.286824622963095820e-02 0.000000000000000000e+00 6.116052919790111037e-02 5.341921457959637742e-02 0.000000000000000000e+00 0.000000000000000000e+00 0.000000000000000000e+00
3.127681505670110856e-02 7.416821918550239867e-02 0.000000000000000000e+00 0.000000000000000000e+00 2.368886664808061288e-02 0.000000000000000000e+00 0.000000000000000000e+00
0.000000000000000000e+00 0.000000000000000000e+00 3.610562370948503519e-01 0.000000000000000000e+00 0.000000000000000000e+00 0.000000000000000000e+00 5.787434150719236031e-02
7.464046456766872378e-04 0.000000000000000000e+00 8.219399176353902464e-04 2.197326373083471115e-03 0.000000000000000000e+00 2.960322218116585857e-02 5.110428314902616329e-03
0.000000000000000000e+00 0.000000000000000000e+00 1.340239393711607080e-02 1.823258395181259154e-03 8.743513583711268189e-03 8.197867568940888500e-03 1.826490177868458561e-02
2.082185713914311363e-04 0.000000000000000000e+00 1.294776967195486080e-05 1.549994817377418788e-05 0.000000000000000000e+00 0.000000000000000000e+00 3.930541128622626508e-03
0.000000000000000000e+00 0.000000000000000000e+00 0.000000000000000000e+00 0.000000000000000000e+00 6.470602205794226403e-02 0.000000000000000000e+00 0.000000000000000000e+00
6.150217597327439605e-03 0.000000000000000000e+00 1.494141682943364016e-03 1.265428556340005700e-02 0.000000000000000000e+00 2.406830229261625303e-03 1.776242529643396600e-02
5.351255525279464747e-04 0.000000000000000000e+00 8.097140943523258722e-04 0.000000000000000000e+00 2.030434271133521942e-02 0.000000000000000000e+00 0.000000000000000000e+00
0.000000000000000000e+00 0.000000000000000000e+00 0.000000000000000000e+00 0.000000000000000000e+00 0.000000000000000000e+00 0.000000000000000000e+00 0.000000000000000000e+00
0.000000000000000000e+00 2.365621663433128616e-02 0.000000000000000000e+00 1.747187492058298042e-01 0.000000000000000000e+00 0.000000000000000000e+00 0.000000000000000000e+00
0.000000000000000000e+00 0.000000000000000000e+00 2.406123464544550686e-02 0.000000000000000000e+00 0.000000000000000000e+00 2.316118633178122777e-02 0.000000000000000000e+00
4.893476730899059927e-03 2.377635536506155986e-02 0.000000000000000000e+00 4.403416452344114523e-02 0.000000000000000000e+00 4.692648031833747228e-03 4.698604092471665716e-02
0.000000000000000000e+00 0.000000000000000000e+00 1.598329793386234557e-02 0.000000000000000000e+00 5.446914076342693201e-03 0.000000000000000000e+00 0.000000000000000000e+00
0.000000000000000000e+00 0.000000000000000000e+00 0.000000000000000000e+00 0.000000000000000000e+00 0.000000000000000000e+00 7.289709817963761947e-03 0.000000000000000000e+00
4.373518997762230868e-04 0.000000000000000000e+00 0.000000000000000000e+00 1.018470856897278664e-03 0.000000000000000000e+00 0.000000000000000000e+00 2.440919782730839778e-04
2.602991265768287918e-02 0.000000000000000000e+00 0.000000000000000000e+00 0.000000000000000000e+00 7.640255930260864137e-02 5.185346122296163873e-02 2.316306149173316675e-02
1.215696764694147329e-04 2.800768436133418363e-03 0.000000000000000000e+00 0.000000000000000000e+00 2.714940766847889764e-03 3.548032062603668213e-01 0.000000000000000000e+00
0.000000000000000000e+00 8.616798762969848924e-03 1.349826148845370728e-02 0.000000000000000000e+00 3.827550834418454173e-02 0.000000000000000000e+00 4.969883102000198678e-03
4.083891799618714902e-02 7.487563982924157202e-02 0.000000000000000000e+00 3.859430645862751974e-02 0.000000000000000000e+00 1.937546698347715132e-02 0.000000000000000000e+00
0.000000000000000000e+00 1.707442690477255220e-02 0.000000000000000000e+00 0.000000000000000000e+00 0.000000000000000000e+00 0.000000000000000000e+00 0.000000000000000000e+00
9.764594202965380752e-04 0.000000000000000000e+00 3.272139271995464210e-03 2.135004685026058169e-02 1.313853479012053356e-02 1.837571749910768826e-01 8.272361204789772937e-02
0.000000000000000000e+00 0.000000000000000000e+00 2.007939259797441034e-01 3.435156757554932994e-02 1.870559857389890793e-02 3.807478506684062319e-03 0.000000000000000000e+00
3.106513750211542719e-04 0.000000000000000000e+00 0.000000000000000000e+00 0.000000000000000000e+00 2.066269293631712092e-02 1.225298264368660656e-01 1.990624953245650336e-02
0.000000000000000000e+00 5.091488637860345189e-03 6.180195942089540366e-03 2.261305545673551829e-03 1.237366685321960626e-02 0.000000000000000000e+00 0.000000000000000000e+00
4.136909563840080991e-04 2.020057957455783726e-04 1.622095891127140876e-03 0.000000000000000000e+00 0.000000000000000000e+00 0.000000000000000000e+00 0.000000000000000000e+00
0.000000000000000000e+00 4.618740408627348623e-03 0.000000000000000000e+00 1.212355013077868159e-02 3.031554663499968182e-03 4.545758092099989878e-02 8.212144661285815384e-03
1.336259392980813487e-03 6.738512064673490842e-03 8.370988520062511498e-03 2.449151014991559142e-02 6.290999096595824465e-03 2.962644782709496563e-02 0.000000000000000000e+00
5.627221650446174311e-03 0.000000000000000000e+00 3.412427459111393863e-02 1.311146471073273423e-01 0.000000000000000000e+00 1.998926888641094565e-02 0.000000000000000000e+00
0.000000000000000000e+00 1.761834341686607103e-02 0.000000000000000000e+00 0.000000000000000000e+00 0.000000000000000000e+00 2.154666668358925716e-02 4.321692512701016259e-02
3.909005267038355956e-03 3.721625353735668468e-03 1.087581880565622813e-02 2.370531243873435275e-03 3.007097510276307128e-03 0.000000000000000000e+00 0.000000000000000000e+00
0.000000000000000000e+00 8.725343144262574790e-02 0.000000000000000000e+00 0.000000000000000000e+00 0.000000000000000000e+00 0.000000000000000000e+00 3.670208983311878254e-02
0.000000000000000000e+00 0.000000000000000000e+00 4.182102229978554471e-04 0.000000000000000000e+00 0.000000000000000000e+00 0.000000000000000000e+00 4.551950297928495162e-03
2.261804030906972799e-03 4.336314744288529430e-04 0.000000000000000000e+00 3.481925166400049853e-03 0.000000000000000000e+00 0.000000000000000000e+00 2.260353205158843054e-02
0.000000000000000000e+00 4.619763291451806845e-04 7.787782781712077919e-04 0.000000000000000000e+00 6.551220655139503371e-03 2.579480857713220901e-02 0.000000000000000000e+00
1.451696484523003927e-05 0.000000000000000000e+00 3.387322387381874744e-03 5.360651330429193687e-03 0.000000000000000000e+00 0.000000000000000000e+00 1.113482474161457160e-02
3.891871723786770733e-04 9.942919911036182407e-04 0.000000000000000000e+00 4.009795062258052906e-03 9.025964759767883192e-03 0.000000000000000000e+00 3.774404507678300741e-03
0.000000000000000000e+00 0.000000000000000000e+00 6.556425678184526389e-04 2.151556952330920935e-03 0.000000000000000000e+00 8.426851449629182977e-02 0.000000000000000000e+00
5.488730692450093616e-03 8.290869480636469399e-04 0.000000000000000000e+00 3.766504376298159679e-03 0.000000000000000000e+00 4.298630478404397853e-02 7.392314754142060088e-03
3.507715409903064841e-03 0.000000000000000000e+00 0.000000000000000000e+00 2.026073404996026756e-02 0.000000000000000000e+00 0.000000000000000000e+00 2.811447640097939835e-02
6.465509739528365338e-04 0.000000000000000000e+00 1.628808656067180652e-03 0.000000000000000000e+00 1.572873601604833083e-01 0.000000000000000000e+00 0.000000000000000000e+00
1.367845909255938899e-03 0.000000000000000000e+00 7.148115406892150640e-04 2.843504834744616482e-03 2.285003218717581719e-01 2.415318271147741738e-02 0.000000000000000000e+00
0.000000000000000000e+00 1.508934659498302076e-03 1.315462115413386715e-02 0.000000000000000000e+00 0.000000000000000000e+00 0.000000000000000000e+00 0.000000000000000000e+00
0.000000000000000000e+00 0.000000000000000000e+00 6.796066787851602620e-02 0.000000000000000000e+00 0.000000000000000000e+00 0.000000000000000000e+00 2.962088973361915595e-02
6.612830574893598752e-04 0.000000000000000000e+00 0.000000000000000000e+00 0.000000000000000000e+00 0.000000000000000000e+00 0.000000000000000000e+00 6.542237030173314594e-01
1.059781225366558622e-03 0.000000000000000000e+00 0.000000000000000000e+00 6.911237723190975790e-02 0.000000000000000000e+00 0.000000000000000000e+00 5.742366030562572922e-03
0.000000000000000000e+00 0.000000000000000000e+00 1.546072499244112719e-01 6.592714740972033249e-02 0.000000000000000000e+00 0.000000000000000000e+00 0.000000000000000000e+00
2.611588206615197971e-01 0.000000000000000000e+00 0.000000000000000000e+00 2.910117683311570502e-01 0.000000000000000000e+00 0.000000000000000000e+00 0.000000000000000000e+00
1.035109784462550026e-03 0.000000000000000000e+00 0.000000000000000000e+00 0.000000000000000000e+00 5.510039920814959608e-02 1.524291552819852062e-02 0.000000000000000000e+00
0.000000000000000000e+00 2.544317440117023054e-03 0.000000000000000000e+00 0.000000000000000000e+00 0.000000000000000000e+00 0.000000000000000000e+00 3.063652697889611767e-02
6.095991922300641498e-03 0.000000000000000000e+00 0.000000000000000000e+00 0.000000000000000000e+00 0.000000000000000000e+00 0.000000000000000000e+00 1.253533503254123348e-02
5.772946355066572869e-04 1.858017729102303056e-03 3.673054140383754784e-03 0.000000000000000000e+00 3.722928226066035684e-02 2.184653427727048514e-02 0.000000000000000000e+00
0.000000000000000000e+00 0.000000000000000000e+00 6.427175204105489703e-03 0.000000000000000000e+00 7.806254670265964923e-02 0.000000000000000000e+00 0.000000000000000000e+00
0.000000000000000000e+00 1.364031619432068410e-01 0.000000000000000000e+00 5.740746367338228628e-01 1.403117036124612582e-03 5.772022329642218820e-03 0.000000000000000000e+00
0.000000000000000000e+00 7.899903546750577932e-02 2.373043906995176908e-02 0.000000000000000000e+00 0.000000000000000000e+00 0.000000000000000000e+00 0.000000000000000000e+00
0.000000000000000000e+00 7.786345602168289262e-04 0.000000000000000000e+00 0.000000000000000000e+00 0.000000000000000000e+00 3.335615865541526753e-02 1.985037613571983411e-02
0.000000000000000000e+00 0.000000000000000000e+00 1.476754405964528401e-02 0.000000000000000000e+00 0.000000000000000000e+00 8.596860339628316361e-03 0.000000000000000000e+00
2.800253374767445753e-03 5.419984972902567623e-03 1.576400820271427325e-03 0.000000000000000000e+00 3.374132010150834166e-02 0.000000000000000000e+00 2.318843272615455503e-02
0.000000000000000000e+00 1.149692010029798074e-03 1.212157745558393182e-03 0.000000000000000000e+00 5.692731016693249047e-02 0.000000000000000000e+00 1.122839756494944594e-02
0.000000000000000000e+00 1.123075414128212046e-02 0.000000000000000000e+00 5.451003999916976639e-05 0.000000000000000000e+00 8.237521143829554249e-02 1.193621790648378110e-02
9.628307024749313152e-06 2.714212390546531027e-05 0.000000000000000000e+00 2.261870368452880645e-03 0.000000000000000000e+00 0.000000000000000000e+00 9.094275900267935475e-03
0.000000000000000000e+00 0.000000000000000000e+00 6.164962982354697276e-05 0.000000000000000000e+00 0.000000000000000000e+00 1.496863798972768687e-02 9.155763390162035414e-03
0.000000000000000000e+00 9.565916897388273762e-03 0.000000000000000000e+00 0.000000000000000000e+00 0.000000000000000000e+00 1.738532430611925209e-02 3.279756747008016633e-03
0.000000000000000000e+00 4.626200419913809904e-03 1.146115537986410046e-03 0.000000000000000000e+00 2.316404191784994515e-02 0.000000000000000000e+00 0.000000000000000000e+00
0.000000000000000000e+00 8.727859238791093807e-03 7.846808327710064201e-03 0.000000000000000000e+00 5.860169331374363161e-02 0.000000000000000000e+00 0.000000000000000000e+00
0.000000000000000000e+00 3.906384925588781559e-03 0.000000000000000000e+00 0.000000000000000000e+00 4.821135446437065097e-02 0.000000000000000000e+00 5.460184407888203639e-02
7.295558315290600487e-05 0.000000000000000000e+00 0.000000000000000000e+00 0.000000000000000000e+00 0.000000000000000000e+00 0.000000000000000000e+00 7.484978466849608221e-03
0.000000000000000000e+00 0.000000000000000000e+00 4.433129953824698215e-04 0.000000000000000000e+00 0.000000000000000000e+00 0.000000000000000000e+00 0.000000000000000000e+00
3.089951816701116266e-02 0.000000000000000000e+00 6.446165929085149321e-03 1.791138023688234604e-01 0.000000000000000000e+00 0.000000000000000000e+00 8.298541306536028062e-02
1.510630150453287797e-04 0.000000000000000000e+00 0.000000000000000000e+00 0.000000000000000000e+00 0.000000000000000000e+00 0.000000000000000000e+00 1.748389109399004979e-02
2.042433256342787370e-02 2.618420313928196061e-02 5.938692595910430999e-02 0.000000000000000000e+00 7.408299259486416863e-03 0.000000000000000000e+00 2.559959330475192196e-02
4.257986619445041331e-03 5.014336959416910815e-03 0.000000000000000000e+00 1.825353437315290969e-02 2.862481829282273113e-02 0.000000000000000000e+00 3.126974831853781556e-01
1.648348439349184096e-04 0.000000000000000000e+00 1.171839239692845473e-02 3.070614827635012589e-02 2.891638189566900566e-02 0.000000000000000000e+00 0.000000000000000000e+00
0.000000000000000000e+00 1.649169303990037638e-02 1.162156798040435771e-02 0.000000000000000000e+00 3.840289655333124080e-02 2.515161710287582356e-02 0.000000000000000000e+00
0.000000000000000000e+00 6.740080860370021611e-03 0.000000000000000000e+00 0.000000000000000000e+00 5.580210387235526315e-02 6.169473621359803858e-03 4.319770754927305251e-03
9.810883203280142129e-03 6.015699833556028414e-02 4.987249118063966785e-02 0.000000000000000000e+00 3.339619137642994839e-02 1.218815226344345005e-02 1.392922452475705338e-03
1.051301787446533853e-01 0.000000000000000000e+00 1.583578150095411863e-01 0.000000000000000000e+00 9.699831650910713254e-03 1.680837099131924500e-02 1.656004420178427139e-01
1.006325643925704396e-03 9.349939399227625170e-04 0.000000000000000000e+00 0.000000000000000000e+00 2.551188189967223269e-02 1.177841515743138952e-02 0.000000000000000000e+00
0.000000000000000000e+00 0.000000000000000000e+00 0.000000000000000000e+00 5.769753336826147772e-01 2.110297241124549708e-02 4.050764622239119706e-02 3.018223060223902340e-02
1.456059058539517417e-03 5.522206983655891972e-03 1.712088643213332921e-03 0.000000000000000000e+00 9.339635065197447045e-03 1.011017160107461656e-02 0.000000000000000000e+00
2.146951762825221807e-02 6.194067780215565915e-03 0.000000000000000000e+00 0.000000000000000000e+00 0.000000000000000000e+00 0.000000000000000000e+00 0.000000000000000000e+00
0.000000000000000000e+00 0.000000000000000000e+00 1.574587106758282284e-02 0.000000000000000000e+00 0.000000000000000000e+00 0.000000000000000000e+00 0.000000000000000000e+00
2.319670323382706269e-03 1.009487253629175055e-03 2.022265351244827147e-03 2.790577064746520893e-03 3.328716875855064483e-02 0.000000000000000000e+00 1.461584979806469786e-02
0.000000000000000000e+00 0.000000000000000000e+00 4.525729672433164569e-02 1.623615224305272886e-01 0.000000000000000000e+00 2.004491499244379429e-02 1.753749780771991784e-01
0.000000000000000000e+00 2.236794317002379628e-01 9.901485109524936490e-02 8.393137766889233187e-02 2.628987100507376024e-03 3.553960271527449588e-02 1.030147655244888355e-01
9.027597025689677868e-03 4.524634334697050925e-02 0.000000000000000000e+00 0.000000000000000000e+00 0.000000000000000000e+00 5.078969308770828889e-02 2.191642466242124318e-02
0.000000000000000000e+00 0.000000000000000000e+00 0.000000000000000000e+00 0.000000000000000000e+00 2.324956220478999137e-04 0.000000000000000000e+00 4.482122966220440652e-02
7.717820507507832002e-03 7.373386915485768967e-02 0.000000000000000000e+00 0.000000000000000000e+00 0.000000000000000000e+00 5.937470864821798450e-02 1.160599152514879551e-01
0.000000000000000000e+00 3.737805784279389990e-03 0.000000000000000000e+00 1.947240435069220316e-02 1.994189083146693381e-02 1.997068019543119313e-02 0.000000000000000000e+00
1.101929129113987297e-04 2.932859566383127798e-03 0.000000000000000000e+00 1.109024380412339771e-03 7.435809441382540408e-02 1.969055458833804395e-02 0.000000000000000000e+00
0.000000000000000000e+00 3.910213259465923630e-02 0.000000000000000000e+00 0.000000000000000000e+00 0.000000000000000000e+00 0.000000000000000000e+00 4.474278596013310516e-02
0.000000000000000000e+00 1.211822031895885485e-02 2.102734357451156548e-03 5.885125380718044495e-03 0.000000000000000000e+00 3.913250460429400918e-02 4.284955606573927905e-02
0.000000000000000000e+00 0.000000000000000000e+00 3.651187992412221160e-03 0.000000000000000000e+00 0.000000000000000000e+00 2.825780998737405930e-02 1.482154521761374494e-02
8.099857805074527341e-06 1.051633215632765176e-04 0.000000000000000000e+00 2.901409875543025860e-03 0.000000000000000000e+00 0.000000000000000000e+00 0.000000000000000000e+00
0.000000000000000000e+00 8.867232724386117778e-04 3.765214048483606687e-03 0.000000000000000000e+00 6.509802444077116002e-02 2.547947830714380330e-02 0.000000000000000000e+00
0.000000000000000000e+00 9.946729863251405762e-03 7.954179096051061659e-02 1.134820037726575748e-01 1.958504157298601896e-03 0.000000000000000000e+00 0.000000000000000000e+00
0.000000000000000000e+00 0.000000000000000000e+00 2.959310403495053754e-02 1.235602326222483846e-04 0.000000000000000000e+00 0.000000000000000000e+00 0.000000000000000000e+00
2.937061980178717197e-03 1.764204064917572956e-03 1.509160057799660386e-02 7.424428161214468268e-03 0.000000000000000000e+00 0.000000000000000000e+00 2.026175192449644960e-02
0.000000000000000000e+00 9.202048356216811038e-04 0.000000000000000000e+00 5.669457635974209202e-03 5.173401567059811995e-02 1.189102516507388333e-03 2.316527361517738137e-02
4.126698334479265290e-03 0.000000000000000000e+00 0.000000000000000000e+00 4.614523403751603220e-02 0.000000000000000000e+00 3.457808732595667178e-02 0.000000000000000000e+00
1.535289048041105914e-02 0.000000000000000000e+00 2.765437023891089696e-01 7.586969435988200061e-02 1.265377746555563197e-02 6.516902347187325528e-02 6.102041717146381578e-02
0.000000000000000000e+00 0.000000000000000000e+00 7.227069831918301636e-03 0.000000000000000000e+00 0.000000000000000000e+00 6.776583144468077344e-03 0.000000000000000000e+00
1.282773043710573255e-02 0.000000000000000000e+00 0.000000000000000000e+00 4.136876392097059950e-03 4.791053974705399704e-03 4.212400310179998698e-03 1.348648267343217078e-01
9.488346441958858332e-04 0.000000000000000000e+00 1.092196088692883905e-03 0.000000000000000000e+00 1.663282201822552375e-02 3.323129734125894377e-03 0.000000000000000000e+00
4.098192884929288335e-06 4.613157344997056639e-03 0.000000000000000000e+00 0.000000000000000000e+00 5.977135154856912796e-02 0.000000000000000000e+00 0.000000000000000000e+00
3.157890876956672647e-03 2.841248829548585850e-03 5.296055127121213763e-03 2.035226548617413006e-03 6.622650815496954058e-02 0.000000000000000000e+00 0.000000000000000000e+00
0.000000000000000000e+00 0.000000000000000000e+00 0.000000000000000000e+00 0.000000000000000000e+00 5.981428360844775333e-02 7.250019907358985771e-02 0.000000000000000000e+00
0.000000000000000000e+00 0.000000000000000000e+00 0.000000000000000000e+00 0.000000000000000000e+00 8.567145709798509867e-03 0.000000000000000000e+00 6.702411871384721456e-03
2.542390031539234173e-03 1.046581213057083161e-02 3.614908109354930069e-03 2.517019381736327471e-02 0.000000000000000000e+00 8.749817704233688043e-02 1.823928228023647194e-02
8.545651549344406364e-03 8.591314575994163025e-03 4.791709251614814646e-02 0.000000000000000000e+00 3.400096847003420113e-03 0.000000000000000000e+00 2.168663493128894157e-02
0.000000000000000000e+00 4.281917317262517141e-03 0.000000000000000000e+00 0.000000000000000000e+00 5.153561825184393118e-03 5.718026187358639205e-03 0.000000000000000000e+00
0.000000000000000000e+00 0.000000000000000000e+00 8.222362601334751511e-03 0.000000000000000000e+00 0.000000000000000000e+00 6.690413197053202143e-02 0.000000000000000000e+00
1.776822178207577659e-04 1.715779488543135375e-03 6.245526107924501309e-03 0.000000000000000000e+00 0.000000000000000000e+00 1.401413357920438044e-02 0.000000000000000000e+00
0.000000000000000000e+00 0.000000000000000000e+00 0.000000000000000000e+00 0.000000000000000000e+00 0.000000000000000000e+00 3.017456260073334354e-02 6.316890546436976228e-02
0.000000000000000000e+00 0.000000000000000000e+00 0.000000000000000000e+00 1.153937164886815157e-02 2.919223093277016276e-02 0.000000000000000000e+00 0.000000000000000000e+00
8.333963955764142964e-03 2.593036812731886256e-02 0.000000000000000000e+00 0.000000000000000000e+00 0.000000000000000000e+00 0.000000000000000000e+00 4.288396919972671528e-02
5.296380115832736470e-03 0.000000000000000000e+00 2.540976146709213266e-03 7.083463558637704584e-03 0.000000000000000000e+00 0.000000000000000000e+00 0.000000000000000000e+00
8.787347368713513754e-03 6.472259469825773076e-03 8.080555981436837731e-03 1.433327506839774876e-02 4.826537090654397719e-03 6.520101157844233712e-03 0.000000000000000000e+00
0.000000000000000000e+00 0.000000000000000000e+00 2.595895954710554232e-01 0.000000000000000000e+00 3.938073256336040162e-02 0.000000000000000000e+00 1.065462157426835116e-03
0.000000000000000000e+00 0.000000000000000000e+00 1.932967942995506005e-02 7.562977823951773371e-03 7.899154954007758453e-03 0.000000000000000000e+00 0.000000000000000000e+00
1.929339163425178522e-03 2.159368265938944875e-02 0.000000000000000000e+00 0.000000000000000000e+00 7.273157300994233243e-02 6.475951231401362584e-02 1.889699904080780965e-02
2.337746228284957525e-02 2.013813700027808698e-02 1.074322005426789871e-02 3.612255543639868172e-02 0.000000000000000000e+00 0.000000000000000000e+00 0.000000000000000000e+00
6.879399600109524211e-05 0.000000000000000000e+00 7.612684050777698568e-06 7.782362545178195474e-04 1.023205843016250331e-02 0.000000000000000000e+00 0.000000000000000000e+00
0.000000000000000000e+00 0.000000000000000000e+00 0.000000000000000000e+00 0.000000000000000000e+00 0.000000000000000000e+00 0.000000000000000000e+00 6.075398170662104497e-02
2.590076205641100252e-03 0.000000000000000000e+00 0.000000000000000000e+00 3.815977516073687514e-02 7.464038743223502803e-03 0.000000000000000000e+00 2.568957680665294729e-01
1.059609360777963652e-02 4.247176511576788820e-03 1.134154600295328962e-02 0.000000000000000000e+00 1.550998697889353385e-02 0.000000000000000000e+00 0.000000000000000000e+00
0.000000000000000000e+00 3.711107413703542725e-03 1.816740183748571935e-02 0.000000000000000000e+00 3.454126389852373025e-02 0.000000000000000000e+00 0.000000000000000000e+00
0.000000000000000000e+00 2.207449558841097920e-02 5.584386387390326278e-02 5.346378874607844722e-02 1.158628950577044424e-02 3.141640833029262642e-02 5.154949022299463307e-02
1.287949215452898789e-02 1.266115416105380830e-02 0.000000000000000000e+00 0.000000000000000000e+00 0.000000000000000000e+00 0.000000000000000000e+00 4.993463063215312393e-03
0.000000000000000000e+00 0.000000000000000000e+00 1.655574940235668424e-02 0.000000000000000000e+00 0.000000000000000000e+00 2.582403500784441128e-02 0.000000000000000000e+00
1.749617665959702772e-04 2.666808943607622707e-03 0.000000000000000000e+00 0.000000000000000000e+00 1.130053088291674973e-01 2.619703493957762416e-03 2.416197583740838442e-02
4.024736950829769415e-04 2.427785396864494752e-02 0.000000000000000000e+00 0.000000000000000000e+00 0.000000000000000000e+00 8.379008791854106880e-03 3.039420332458863533e-02
9.648783266189004185e-03 0.000000000000000000e+00 0.000000000000000000e+00 0.000000000000000000e+00 0.000000000000000000e+00 0.000000000000000000e+00 0.000000000000000000e+00
3.759533349164456478e-04 9.711606552452562661e-04 2.837816459892041933e-03 0.000000000000000000e+00 1.890035265345176713e-02 3.034849375197783139e-02 6.236021411141639843e-04
0.000000000000000000e+00 0.000000000000000000e+00 0.000000000000000000e+00 2.090124456185348239e-03 3.833440952347240416e-02 1.604527661081674855e-02 7.036830824202752917e-03
3.470906361046444209e-03 2.699828207692576715e-04 8.842657983725597803e-03 5.532292428844940747e-03 0.000000000000000000e+00 6.612691001867414264e-02 0.000000000000000000e+00
1.321641157041826076e-03 0.000000000000000000e+00 0.000000000000000000e+00 1.405858121611919254e-02 1.073525742539427862e-02 0.000000000000000000e+00 1.747180372484259453e-03
0.000000000000000000e+00 2.040461999652738029e-02 0.000000000000000000e+00 0.000000000000000000e+00 4.618430273094895067e-02 8.761243660801068533e-02 2.172797163448733637e-02
0.000000000000000000e+00 3.538537734320776947e-03 0.000000000000000000e+00 3.550675382539685791e-03 0.000000000000000000e+00 0.000000000000000000e+00 2.403796638500466792e-02
0.000000000000000000e+00 0.000000000000000000e+00 4.156425228977506819e-04 0.000000000000000000e+00 0.000000000000000000e+00 0.000000000000000000e+00 0.000000000000000000e+00
0.000000000000000000e+00 0.000000000000000000e+00 1.059875320344447203e-02 3.835314317278280295e-03 1.189352705898320470e-02 2.429556309525252901e-03 4.718219939124439731e-03
2.147213019556317749e-03 5.410533382040550376e-04 1.470672127501450929e-03 0.000000000000000000e+00 1.258251701805021272e-01 0.000000000000000000e+00 0.000000000000000000e+00
4.220297842039929628e-06 3.234675001493507121e-05 4.513454041207761998e-04 0.000000000000000000e+00 1.007523287143555386e-02 0.000000000000000000e+00 0.000000000000000000e+00
1.787073133566990501e-03 1.001051405157655670e-03 0.000000000000000000e+00 0.000000000000000000e+00 0.000000000000000000e+00 0.000000000000000000e+00 0.000000000000000000e+00
0.000000000000000000e+00 0.000000000000000000e+00 6.676990083999508052e-02 0.000000000000000000e+00 3.004374361982545608e-02 7.831381342822642255e-02 0.000000000000000000e+00
0.000000000000000000e+00 0.000000000000000000e+00 0.000000000000000000e+00 0.000000000000000000e+00 7.229105067068864778e-03 0.000000000000000000e+00 0.000000000000000000e+00
0.000000000000000000e+00 1.721427577485397159e-04 6.350388314789606487e-04 0.000000000000000000e+00 0.000000000000000000e+00 2.168874833738463487e-02 0.000000000000000000e+00
9.252384928945080796e-04 6.898465068446992757e-04 0.000000000000000000e+00 0.000000000000000000e+00 0.000000000000000000e+00 1.596103275171541908e-02 1.599099250496270261e-02
0.000000000000000000e+00 0.000000000000000000e+00 3.156589820146651990e-03 0.000000000000000000e+00 0.000000000000000000e+00 1.549021908713263569e-02 9.717543253495320582e-03
3.553793635416333885e-04 7.185900181218491441e-04 0.000000000000000000e+00 0.000000000000000000e+00 2.973645168010885520e-02 0.000000000000000000e+00 4.936715387286386494e-03
3.109792912935083978e-03 2.728649462756701106e-03 0.000000000000000000e+00 0.000000000000000000e+00 0.000000000000000000e+00 2.795191009284640413e-02 0.000000000000000000e+00
5.703986754535383258e-03 0.000000000000000000e+00 0.000000000000000000e+00 1.743119967031221684e-02 1.758715504228278159e-02 0.000000000000000000e+00 0.000000000000000000e+00
4.118220563401061608e-03 9.320693675223548635e-03 0.000000000000000000e+00 3.456561228676405251e-02 0.000000000000000000e+00 0.000000000000000000e+00 5.284828860539759338e-02
0.000000000000000000e+00 6.646818405477827180e-03 1.880994491223080640e-03 0.000000000000000000e+00 0.000000000000000000e+00 0.000000000000000000e+00 0.000000000000000000e+00
3.147111109797982864e-02 1.270100145583522022e-01 0.000000000000000000e+00 1.432124231953164628e-01 1.402614185827420236e-02 0.000000000000000000e+00 0.000000000000000000e+00
5.837464996910775826e-04 0.000000000000000000e+00 0.000000000000000000e+00 1.654694052581391021e-03 1.048835818682811866e-02 0.000000000000000000e+00 5.876860866302207080e-04
6.273032184779716702e-04 0.000000000000000000e+00 2.191909384289802802e-03 3.488669202268634799e-03 1.215727328018473621e-02 5.507131805243670186e-02 0.000000000000000000e+00
0.000000000000000000e+00 8.256676000196565973e-03 2.204096006665508603e-02 0.000000000000000000e+00 1.541936012318632400e-02 0.000000000000000000e+00 0.000000000000000000e+00
1.330257072726942090e-04 0.000000000000000000e+00 0.000000000000000000e+00 1.340069638666244829e-03 0.000000000000000000e+00 0.000000000000000000e+00 1.128728800972896539e-02
1.499610464270051185e-03 9.289128954456054134e-04 0.000000000000000000e+00 0.000000000000000000e+00 2.209193373291517409e-02 1.064030961485075422e-01 0.000000000000000000e+00
2.017133764367848585e-04 0.000000000000000000e+00 0.000000000000000000e+00 1.265987903547771427e-03 0.000000000000000000e+00 0.000000000000000000e+00 0.000000000000000000e+00
5.816864452808018145e-05 5.849251600778232040e-04 0.000000000000000000e+00 1.707634629968330297e-03 6.335910890341384105e-03 1.370172326572802884e-02 6.467652159543380193e-03
0.000000000000000000e+00 5.192752602379337732e-04 0.000000000000000000e+00 0.000000000000000000e+00 0.000000000000000000e+00 0.000000000000000000e+00 2.022826242801895914e-03
0.000000000000000000e+00 5.028617613113059437e-04 0.000000000000000000e+00 0.000000000000000000e+00 0.000000000000000000e+00 2.488482030401191827e-02 3.859227891183927665e-03
3.544563903544059266e-04 0.000000000000000000e+00 2.472136914741644622e-03 0.000000000000000000e+00 1.817040111965890006e-02 2.815919317318901077e-02 1.501772749088924313e-03
1.532263464712521573e-03 0.000000000000000000e+00 3.873534150252441657e-03 0.000000000000000000e+00 1.716419096002712655e-02 0.000000000000000000e+00 0.000000000000000000e+00
9.738592390120572040e-03 0.000000000000000000e+00 2.151631678961591146e-03 0.000000000000000000e+00 0.000000000000000000e+00 0.000000000000000000e+00 0.000000000000000000e+00
0.000000000000000000e+00 1.444485270946792820e-02 5.216751552332216796e-03 0.000000000000000000e+00 5.486540186388794843e-02 0.000000000000000000e+00 2.359117041175157747e-01
1.529674913067224657e-03 0.000000000000000000e+00 0.000000000000000000e+00 3.045137254380706447e-03 7.798547178853951212e-02 4.383547561599549641e-02 0.000000000000000000e+00
0.000000000000000000e+00 3.350651787333501844e-03 4.273287890535508449e-02 1.492045231877725878e-02 0.000000000000000000e+00 0.000000000000000000e+00 2.031052267645177753e-02
5.166185868902235323e-04 8.014934118421583771e-04 0.000000000000000000e+00 0.000000000000000000e+00 0.000000000000000000e+00 1.532915927597034052e-02 2.521487102455073712e-03
0.000000000000000000e+00 0.000000000000000000e+00 0.000000000000000000e+00 5.002608811880626064e-04 2.117428563505902722e-02 0.000000000000000000e+00 5.989144064950096581e-03
0.000000000000000000e+00 1.891496373843906892e-03 0.000000000000000000e+00 0.000000000000000000e+00 2.374249763782584552e-02 3.077625582682750466e-02 2.350965336722956461e-02
0.000000000000000000e+00 4.272450503290189266e-04 0.000000000000000000e+00 0.000000000000000000e+00 5.232408905433953705e-02 5.846716247000680738e-02 0.000000000000000000e+00
0.000000000000000000e+00 6.353613157115126607e-03 5.719750079022216729e-03 0.000000000000000000e+00 0.000000000000000000e+00 0.000000000000000000e+00 7.543389424085986117e-02
0.000000000000000000e+00 8.770330477860838365e-04 4.618322156758758977e-03 0.000000000000000000e+00 0.000000000000000000e+00 7.306606254152495095e-02 0.000000000000000000e+00
0.000000000000000000e+00 0.000000000000000000e+00 0.000000000000000000e+00 0.000000000000000000e+00 7.007581713915067567e-02 2.483076637091448033e-02 2.347290752119007839e-02
6.842574406283334805e-04 0.000000000000000000e+00 0.000000000000000000e+00 1.950275593943521114e-03 1.251658927291405578e-02 1.148189037758372277e-02 0.000000000000000000e+00
0.000000000000000000e+00 0.000000000000000000e+00 1.649495103078474204e-04 0.000000000000000000e+00 2.383416609264584624e-02 1.006387877289260761e-02 4.184327576775846540e-03
1.046321897986223317e-04 0.000000000000000000e+00 0.000000000000000000e+00 0.000000000000000000e+00 0.000000000000000000e+00 4.417320360565200887e-02 8.993774565487845304e-03
2.983792471508704995e-04 0.000000000000000000e+00 0.000000000000000000e+00 1.021313222473680142e-03 1.773213603845694500e-02 0.000000000000000000e+00 7.366005189888840017e-03
2.916363647454684859e-04 1.205652645922881136e-03 1.119826540030712837e-03 3.424624421260162848e-03 0.000000000000000000e+00 3.998070193424956703e-02 0.000000000000000000e+00
1.734182680416177739e-03 0.000000000000000000e+00 0.000000000000000000e+00 7.097263382599533141e-03 0.000000000000000000e+00 0.000000000000000000e+00 1.962353535092142918e-03
0.000000000000000000e+00 5.916439129576270620e-03 0.000000000000000000e+00 0.000000000000000000e+00 3.164770064045910325e-02 3.182961323067216852e-02 0.000000000000000000e+00
0.000000000000000000e+00 1.449286192857657512e-03 1.316788308345455405e-02 0.000000000000000000e+00 0.000000000000000000e+00 3.244844375491577615e-02 0.000000000000000000e+00
0.000000000000000000e+00 8.518617891020629704e-03 8.858910763777155459e-03 0.000000000000000000e+00 0.000000000000000000e+00 4.451742620987116095e-02 2.212397597618878978e-04
2.024162144305989824e-03 0.000000000000000000e+00 0.000000000000000000e+00 0.000000000000000000e+00 0.000000000000000000e+00 3.060644601414129820e-02 4.591838793843053788e-03
1.489935659132273675e-03 2.089626816625173543e-03 5.771750885720614444e-04 2.754879026474763362e-03 6.558612940689514947e-02 8.581075033667739244e-03 5.747075945224494956e-03
0.000000000000000000e+00 0.000000000000000000e+00 8.868706005412677756e-03 0.000000000000000000e+00 0.000000000000000000e+00 0.000000000000000000e+00 4.138901463575788559e-02
0.000000000000000000e+00 2.898148642143958797e-03 0.000000000000000000e+00 0.000000000000000000e+00 4.524678713863166529e-02 0.000000000000000000e+00 0.000000000000000000e+00
0.000000000000000000e+00 0.000000000000000000e+00 0.000000000000000000e+00 8.078467560465174687e-04 7.333254802034383339e-03 5.830989717446040110e-01 0.000000000000000000e+00
3.442141436494724929e-04 8.259177724483475957e-04 2.450465217206037965e-04 0.000000000000000000e+00 0.000000000000000000e+00 0.000000000000000000e+00 0.000000000000000000e+00
4.775979964028451760e-04 3.504756027463699648e-03 2.577879627443202364e-03 0.000000000000000000e+00 0.000000000000000000e+00 0.000000000000000000e+00 0.000000000000000000e+00
2.125445432494786190e-03 8.457217238025870011e-04 0.000000000000000000e+00 0.000000000000000000e+00 0.000000000000000000e+00 3.307725086463960545e-02 0.000000000000000000e+00
0.000000000000000000e+00 0.000000000000000000e+00 0.000000000000000000e+00 2.561817628376023611e-03 1.741133858178033900e-01 0.000000000000000000e+00 2.616131429270293976e-02
0.000000000000000000e+00 0.000000000000000000e+00 0.000000000000000000e+00 0.000000000000000000e+00 1.338355200928824634e-03 5.895207610985313089e-03 0.000000000000000000e+00
0.000000000000000000e+00 0.000000000000000000e+00 0.000000000000000000e+00 0.000000000000000000e+00 0.000000000000000000e+00 0.000000000000000000e+00 0.000000000000000000e+00
1.650389852434642340e-04 0.000000000000000000e+00 1.505280570398377302e-04 1.971952771437609879e-03 0.000000000000000000e+00 0.000000000000000000e+00 5.438965284066495619e-03
2.964122752165825742e-02 3.919966912568232514e-02 1.460338569610361223e-02 1.995938947446904838e-02 7.246220284812369961e-02 3.152010383981852792e-02 6.624443379186932546e-02
0.000000000000000000e+00 0.000000000000000000e+00 0.000000000000000000e+00 0.000000000000000000e+00 0.000000000000000000e+00 0.000000000000000000e+00 0.000000000000000000e+00
1.654479340487863617e-02 1.849012977588078074e-02 9.787415165567353928e-03 2.923109586292500783e-03 1.549187284738243187e-02 0.000000000000000000e+00 0.000000000000000000e+00
5.951476764739058352e-03 8.231657312526501069e-03 9.323221339745241948e-03 0.000000000000000000e+00 0.000000000000000000e+00 0.000000000000000000e+00 1.146551196481167406e-01
5.680643017956789028e-04 3.750557212385220805e-03 0.000000000000000000e+00 0.000000000000000000e+00 1.107289009440732587e-02 0.000000000000000000e+00 8.175919787606348438e-03
1.398847896935286831e-03 3.148470879101009003e-03 0.000000000000000000e+00 1.748199658261019509e-04 6.221690487814438703e-02 0.000000000000000000e+00 1.198116884155744910e-02
0.000000000000000000e+00 0.000000000000000000e+00 0.000000000000000000e+00 1.316937637107495679e-03 2.205571238778988516e-02 1.040510598566289982e-02 0.000000000000000000e+00
7.224411498161766158e-06 0.000000000000000000e+00 0.000000000000000000e+00 0.000000000000000000e+00 0.000000000000000000e+00 4.263111849190717173e-01 0.000000000000000000e+00
2.451889585429359135e-03 0.000000000000000000e+00 0.000000000000000000e+00 0.000000000000000000e+00 0.000000000000000000e+00 0.000000000000000000e+00 1.132048326495428137e-01
0.000000000000000000e+00 0.000000000000000000e+00 0.000000000000000000e+00 0.000000000000000000e+00 1.914344415776581820e-01 2.384577918517403333e-02 1.474058477838786430e-03
4.856238354329180280e-03 6.985116457951453216e-03 4.525986633715735341e-03 0.000000000000000000e+00 8.605417006572838035e-02 5.053561980549692301e-02 0.000000000000000000e+00
5.673979097994785031e-03 2.011889732316750681e-02 0.000000000000000000e+00 0.000000000000000000e+00 7.329524761504897356e-04 2.813493700242955531e-02 8.527558412866055593e-02
1.254021249098390535e-04 3.854689341585543607e-04 2.779402331253056930e-04 6.018096899153105609e-04 2.077844639757840325e-02 2.691833972625391480e-01 2.530445286497683306e-03
5.605758483278611972e-04 8.778869593034801079e-04 2.019392303927421486e-04 0.000000000000000000e+00 0.000000000000000000e+00 5.770521794164941431e-02 5.668137278600624733e-04
0.000000000000000000e+00 0.000000000000000000e+00 0.000000000000000000e+00 0.000000000000000000e+00 4.205500998823595571e-02 5.189385917201756043e-02 1.813942436348518067e-02
2.309056134125269787e-03 2.108951974415015657e-03 0.000000000000000000e+00 1.011339892277751153e-02 0.000000000000000000e+00 0.000000000000000000e+00 0.000000000000000000e+00
0.000000000000000000e+00 6.287395645238251160e-03 9.842207816104986060e-03 0.000000000000000000e+00 3.375406039575921252e-02 2.007609529079980998e-02 2.332237069142337541e-02
0.000000000000000000e+00 0.000000000000000000e+00 4.224449405040184465e-03 6.252576108324135393e-03 4.095816702960373284e-02 0.000000000000000000e+00 0.000000000000000000e+00
8.614360743228673426e-04 3.527123670196809137e-03 9.676360893522021949e-04 0.000000000000000000e+00 6.255237054545652320e-02 0.000000000000000000e+00 1.164812090626171593e-03
9.514337293108194281e-04 1.894904428930124264e-03 0.000000000000000000e+00 0.000000000000000000e+00 0.000000000000000000e+00 2.519269200533697656e-02 7.392714104792142728e-03
3.633164343547892750e-03 1.519011319099286203e-02 1.825722885750732591e-02 0.000000000000000000e+00 6.654408465077797652e-02 5.141217150037379231e-03 0.000000000000000000e+00
3.149298710086373410e-03 0.000000000000000000e+00 0.000000000000000000e+00 1.985421389402209659e-04 2.862007193476046596e-01 0.000000000000000000e+00 0.000000000000000000e+00
0.000000000000000000e+00 0.000000000000000000e+00 0.000000000000000000e+00 1.675543963513526913e-01 7.968360236017889113e-04 1.747221856894579095e-02 0.000000000000000000e+00
5.036838860828108934e-05 0.000000000000000000e+00 2.619390547194462571e-03 0.000000000000000000e+00 1.936077597293517707e-02 0.000000000000000000e+00 0.000000000000000000e+00
5.446882269734284283e-04 4.485368966206988543e-03 0.000000000000000000e+00 0.000000000000000000e+00 3.720499155057074153e-02 0.000000000000000000e+00 3.404254434928087603e-02
0.000000000000000000e+00 0.000000000000000000e+00 4.895844860844418426e-04 3.144674367108995193e-03 0.000000000000000000e+00 0.000000000000000000e+00 1.527117774691885699e-02
0.000000000000000000e+00 1.332442102370568762e-04 2.526799372161379334e-04 0.000000000000000000e+00 0.000000000000000000e+00 2.554641460083475688e-02 2.578665975379402370e-02
0.000000000000000000e+00 0.000000000000000000e+00 0.000000000000000000e+00 7.639565767026369573e-03 0.000000000000000000e+00 0.000000000000000000e+00 0.000000000000000000e+00
1.443774745415260866e-04 1.452950548393815112e-03 0.000000000000000000e+00 1.223160243611899796e-02 3.900611064551908619e-02 0.000000000000000000e+00 4.936492978363547085e-02
0.000000000000000000e+00 4.195931883805768771e-04 0.000000000000000000e+00 3.612164707684159277e-03 0.000000000000000000e+00 2.470301368461308780e-02 0.000000000000000000e+00
0.000000000000000000e+00 0.000000000000000000e+00 0.000000000000000000e+00 0.000000000000000000e+00 0.000000000000000000e+00 0.000000000000000000e+00 0.000000000000000000e+00
0.000000000000000000e+00 0.000000000000000000e+00 8.114853847682380883e-03 0.000000000000000000e+00 0.000000000000000000e+00 0.000000000000000000e+00 6.613792059614150703e-03
1.847099928415506199e-03 8.657813038524869373e-03 0.000000000000000000e+00 1.320296480375771943e-02 0.000000000000000000e+00 2.808872942753662394e-02 1.289921817162849038e-01
1.061707944689898415e-03 0.000000000000000000e+00 0.000000000000000000e+00 1.362861581179572283e-02 0.000000000000000000e+00 0.000000000000000000e+00 0.000000000000000000e+00
1.939816711442019035e-03 7.752725210764488352e-04 1.809293490577822518e-03 0.000000000000000000e+00 1.527339772389231798e-01 1.657774764943696980e-02 0.000000000000000000e+00
0.000000000000000000e+00 1.510518410218266014e-03 4.145277779408014854e-03 0.000000000000000000e+00 0.000000000000000000e+00 2.261553206317452533e-02 8.336954081290197383e-03
1.024085788492151705e-02 6.275521593129971404e-03 8.781813386036500801e-03 6.583746372890412904e-04 3.866882551594374995e-02 6.466998483106443929e-02 6.390136432577778539e-03
1.826334272242917736e-02 0.000000000000000000e+00 0.000000000000000000e+00 1.333321665840189393e-02 0.000000000000000000e+00 0.000000000000000000e+00 9.813624222837876582e-03
1.226613251299892666e-03 7.894165278123598667e-03 3.621009414780035091e-03 6.393876404994921006e-03 5.388868039575022556e-02 0.000000000000000000e+00 6.158947976330950667e-03
0.000000000000000000e+00 6.254499567196833421e-02 5.421147681795051437e-02 0.000000000000000000e+00 0.000000000000000000e+00 0.000000000000000000e+00 0.000000000000000000e+00
1.073393600637442114e-04 0.000000000000000000e+00 0.000000000000000000e+00 3.346218471344825085e-02 0.000000000000000000e+00 3.262269346970760736e-02 0.000000000000000000e+00
0.000000000000000000e+00 2.172152411735032030e-03 2.858921786251583316e-03 0.000000000000000000e+00 5.640433028975347374e-02 0.000000000000000000e+00 0.000000000000000000e+00
6.931048605493433587e-03 0.000000000000000000e+00 0.000000000000000000e+00 3.707552887077723261e-04 1.403498928175237609e-02 1.882316307447045450e-02 1.241550571870262201e-02
1.033218362139605873e-03 8.545093946291956819e-04 2.179612006790540828e-03 0.000000000000000000e+00 2.193796044410829121e-02 4.650178466211716405e-02 4.402402285260185837e-03
9.069838871100590087e-04 1.891207928183701503e-04 0.000000000000000000e+00 3.504233771986123725e-03 0.000000000000000000e+00 8.398788056811833797e-03 0.000000000000000000e+00
7.492457009010538085e-03 1.446387766357809523e-02 0.000000000000000000e+00 0.000000000000000000e+00 0.000000000000000000e+00 0.000000000000000000e+00 0.000000000000000000e+00
6.796710503482881116e-04 0.000000000000000000e+00 9.419414472423380882e-03 2.346217529810245769e-02 5.382234330926805033e-02 0.000000000000000000e+00 4.451100962875442074e-02
0.000000000000000000e+00 0.000000000000000000e+00 1.868051909726348202e-03 0.000000000000000000e+00 5.013454972539168469e-02 0.000000000000000000e+00 6.510226085108364834e-03
2.304590636443595007e-04 0.000000000000000000e+00 1.345697994129054116e-02 0.000000000000000000e+00 3.349652619952159325e-03 0.000000000000000000e+00 0.000000000000000000e+00
0.000000000000000000e+00 0.000000000000000000e+00 0.000000000000000000e+00 6.268029138506575615e-03 0.000000000000000000e+00 4.612567632474897511e-02 2.527617652085377420e-02
0.000000000000000000e+00 0.000000000000000000e+00 1.028531536338922470e-02 0.000000000000000000e+00 0.000000000000000000e+00 0.000000000000000000e+00 0.000000000000000000e+00
0.000000000000000000e+00 7.089609762332542984e-04 0.000000000000000000e+00 7.201228608253632847e-03 0.000000000000000000e+00 0.000000000000000000e+00 8.608711934998454496e-02
0.000000000000000000e+00 0.000000000000000000e+00 0.000000000000000000e+00 2.052084403805013585e-02 3.917815129111840849e-02 1.975756404833576771e-02 0.000000000000000000e+00
1.051300911236050482e-02 1.066342252563938367e-03 1.872119438809386610e-02 0.000000000000000000e+00 8.356499405878548004e-02 3.263663440595772347e-02 0.000000000000000000e+00
6.073556000613061605e-03 0.000000000000000000e+00 7.452991383440865647e-02 1.945606541945101020e-02 0.000000000000000000e+00 0.000000000000000000e+00 1.184210121593727988e-01
0.000000000000000000e+00 0.000000000000000000e+00 2.081430711125433278e-03 1.289782822159032602e-02 0.000000000000000000e+00 0.000000000000000000e+00 0.000000000000000000e+00
0.000000000000000000e+00 0.000000000000000000e+00 1.521767799338207272e-01 0.000000000000000000e+00 0.000000000000000000e+00 1.094950365549003483e-02 0.000000000000000000e+00
0.000000000000000000e+00 0.000000000000000000e+00 1.476257340232829326e-02 0.000000000000000000e+00 1.874899821229368112e-03 0.000000000000000000e+00 2.239343339216276138e-02
5.597050794339857244e-04 0.000000000000000000e+00 0.000000000000000000e+00 0.000000000000000000e+00 3.459222754073823427e-03 0.000000000000000000e+00 1.406598471710711513e-03
